Tenure Deviation.50 Deviation.100 Deviation.total
0 -26.7961659639938 -14.816584031242 -20.8063749976179
3 -32.7290047046137 -15.331706843973 -24.0303557742934
5 -34.606043258001 -15.4910710080547 -25.0485571330278
7 -33.8723851448887 -15.1608144723296 -24.5165998086092
10 -29.1201163812212 -15.6431680653801 -22.3816422233007
20 -34.2278025070033 -16.5772124786501 -25.4025074928267
30 -32.3342336369326 -16.1828537680901 -24.2585437025114
40 -33.537060594633 -15.164988265722 -24.3510244301775
50 -35.5465232804056 -15.8098906438052 -25.6782069621054
60 -34.7277256776625 -16.0400789638668 -25.3839023207647
70 -33.1534683992162 -15.9502193381691 -24.5518438686927
80 -30.882198563658 -17.0397054835077 -23.9609520235829
90 -32.6788029342852 -15.7153135251517 -24.1970582297185
100 -37.1256548039155 -17.01126637617 -27.0684605900427
110 -37.3119072734863 -15.9131246161303 -26.6125159448083
120 -33.7205004173247 -16.6330633559888 -25.1767818866567
130 -37.3092095959711 -15.7270401844709 -26.518124890221
140 -34.4790270482156 -15.0408604658147 -24.7599437570151
150 -33.7330048074581 -15.5317195668581 -24.6323621871581
200 -32.9034946891771 -14.4497996793472 -23.6766471842622
